"Dists.1" "Dists.2" "Dists.3" "Dists.4" "Dists.5" "Dists.6" "Dists.7" "Dists.8" "Dists.9" "Dists.10" "Dists.11" "Dists.12" "Dists.13" "Dists.14" "Dists.15" "Dists.16" "Dists.17" "Dists.18" "Dists.19" "Dists.20" "Dists.21" "Dists.22" "Dists.23" "Dists.24" "Dists.25" "Dists.26" "Dists.27" "Dists.28" "Dists.29" "Dists.30" "Dists.31" "Dists.32" "Dists.33" "Dists.34" "Dists.35" "Dists.36" "Dists.37" "Dists.38" "Dists.39" "Dists.40" "Dists.41" "Dists.42" "Dists.43" "Dists.44" "Dists.45" "Dists.46" "Dists.47" "Dists.48" "Dists.49" "Dists.50" "Dists.51" "Dists.52" "Dists.53" "Dists.54" "Dists.55" "Dists.56" "Dists.57" "Dists.58" "Dists.59" "Dists.60" "Dists.61" "Dists.62" "Dists.63" "Dists.64" "Dists.65" "Dists.66" "Dists.67" "Dists.68" "Dists.69" "Dists.70" "Dists.71" "Dists.72" "Dists.73" "Dists.74" "Dists.75" "Dists.76" "Dists.77" "Dists.78" "Dists.79" "Dists.80" "Dists.81" "Dists.82" "Dists.83" "Dists.84" "Dists.85" "Dists.86" "Dists.87" "Dists.88" "Dists.89" "Dists.90" "Dists.91" "Dists.92" "Dists.93" "Dists.94" "Dists.95" "Dists.96" "Dists.97" "Dists.98" "Labs"
"1" 0 374 537.5 46 486.5 490 33 346.5 386 379 42.5 34 49.5 459 48.5 330.5 512.5 527.5 56 388 430 46 45.5 33 37 236 44 402.5 46.5 35.5 368.5 394 433 30 434 32.5 427.5 25.5 67 45 85 442.5 34.5 29.5 443 55 425.5 451.5 72.5 88 29.5 478 352.5 388.5 375 25 41 339 503 349 393.5 227 353 474 44 152 33.5 108 54 464.5 329 485.5 34 61.5 363.5 458 46 51.5 37 49.5 44.5 66 381.5 444 340 46.5 242.5 438.5 32 49 44 52 46 366 453 96 43 25.5 "GRASSLEY_C_Rep"
"2" 374 0 210.5 362 133.5 144 359 61.5 62 63 399.5 367 369.5 103 409.5 69.5 162.5 222.5 380 67 91 355 364.5 406 389 163 376 82.5 383.5 366.5 52.5 55 248 385 108 357.5 92.5 365.5 358 356 358 114.5 361.5 375.5 87 412 75.5 115.5 336.5 357 374.5 209 71.5 72.5 73 398 396 64 146 73 135.5 163 71 128 374 402 367.5 412 400 120.5 73 238.5 389 406.5 60.5 228 379 374.5 385 402.5 372.5 380 58.5 268 63 402.5 148.5 95.5 368 413 392 381 383 53 124 290 398 379.5 "LEAHY_P_Dem"
"3" 537.5 210.5 0 521.5 125 115.5 528.5 248 207.5 209.5 549 537.5 523 150.5 565 254 118 95 521.5 200.5 177.5 526.5 521 563.5 551.5 330.5 539.5 191 542 532 215 196.5 198.5 546.5 160.5 527 173 535 498.5 516.5 497.5 160 530 544 165.5 547.5 171 151 485 476.5 542 144.5 229 201 205.5 557.5 553.5 247.5 96.5 229.5 212 347.5 234.5 136.5 532.5 516.5 538 542.5 546.5 136 246.5 158 549.5 552 221 177.5 536.5 526 538.5 553 532 519.5 204 215.5 242.5 542 327 150 532.5 556.5 540.5 538.5 546.5 225.5 142.5 462.5 553.5 537 "MARKEY_E_Dem"
"4" 46 362 521.5 0 469.5 472 31 337.5 374 368 61.5 28 42.5 445 69.5 330.5 495.5 511.5 69 380 414 46 53.5 63 51 233 41 389.5 63.5 35.5 356.5 381 419 48 422 28.5 408.5 26.5 57 35 89 427.5 27.5 29.5 427 81 409.5 432.5 77.5 71 37.5 462 344.5 371.5 364 55 57 332 491 336 378.5 219 343 460 58 169 33.5 139 66 449.5 322 467.5 44 88.5 351.5 441 58 57.5 51 74.5 47.5 64 367.5 424 333 77.5 243.5 422.5 29 79 63 64 63 352 432 90 61 35.5 "ROBERTS_C_Rep"
"5" 486.5 133.5 125 469.5 0 73.5 470.5 168 125.5 114.5 506 476.5 467 63.5 514 172 87 128 482.5 112.5 102.5 465.5 467 513.5 497.5 260.5 485.5 116 487 476 125 107.5 242.5 496.5 67.5 471 94 479 456.5 464.5 453.5 74 475 485 88.5 517.5 87 58 442 440.5 486 136.5 148 110 135.5 507.5 505.5 160.5 71.5 148.5 151 275.5 142.5 57.5 485.5 504.5 478 518.5 497.5 69 159.5 196 498.5 509 146 182.5 481.5 483 487.5 509 481 478.5 111 225.5 151.5 508 256 80 481.5 516.5 495.5 494.5 488.5 139.5 70.5 403.5 507.5 491 "SCHUMER_C_Dem"
"6" 490 144 115.5 472 73.5 0 474 173.5 139 131 511.5 484 475.5 80 522.5 178.5 105.5 131.5 485 134 112 473 474.5 521 506 268 493 129.5 494.5 482.5 135.5 142 240 500 96 474.5 103.5 482.5 459 467 461 98.5 478.5 492.5 102 518 98.5 69.5 444.5 442 489.5 149 164.5 119.5 153 515 511 169 58 157 147.5 282 155 78 489 487 484.5 504 502 104.5 168 184.5 503 517.5 157.5 187 489 480.5 492 514.5 484.5 480 121.5 215 163 505.5 265.5 87.5 485 512 503 492 497 149 83 408 508 494.5 "WYDEN_R_Dem"
"7" 33 359 528.5 31 470.5 474 0 326.5 370 362 49.5 20 36.5 441 61.5 312.5 496.5 516.5 57 374 412 39 47.5 49 41 225 30 385.5 58.5 25.5 354.5 379 434 33 421 20.5 409.5 19.5 53 34 78 424.5 22.5 21.5 425 70 407.5 433.5 74.5 88 24.5 471 334.5 370.5 359 43 47 321 491 330 378.5 208 335 458 50 159 23.5 122 53 448.5 315 480.5 32 79.5 345.5 453 51 47.5 43 62.5 46.5 62 367.5 439 322 64.5 236.5 420.5 24 64 52 50 48 346 433 85 47 28.5 "McCONNELL_A_Rep"
"8" 346.5 61.5 248 337.5 168 173.5 326.5 0 77.5 79.5 364 336.5 339 133.5 366 63 199 250 341.5 79.5 125.5 323.5 334 363.5 351.5 134.5 336.5 102 347 343 67 75.5 270.5 354.5 129.5 329 114 335 339.5 326.5 337.5 143 334 345 119.5 369.5 106 142 313 340.5 338 224.5 62 86 89.5 361.5 357.5 50.5 180.5 63.5 145 132.5 59.5 160.5 344.5 375.5 343 374.5 357.5 160 55.5 264 352.5 367 62 249.5 349.5 347 351.5 365 342 358.5 77 278.5 51.5 369 123 128 339.5 370.5 349.5 345.5 342.5 50.5 157.5 259.5 358.5 347 "CARPER_T_Dem"
"9" 386 62 207.5 374 125.5 139 370 77.5 0 62 407.5 379 382.5 92 416.5 80.5 148.5 212.5 389 64 72 367 371.5 415 401 173 388 66.5 394.5 382.5 62.5 53 255 392 93 370.5 82.5 377.5 370 367 367 101.5 374.5 387.5 73 421 70.5 100.5 349.5 361 383.5 198 68.5 65.5 86 408 402 74 143 76 124.5 175 79 114 387 407 383.5 421 408 114.5 75 230.5 399 416.5 65.5 227 385 384.5 395 411.5 382.5 393 64.5 261 79 412.5 159.5 82.5 380 420 401 390 393 51 113 302 407 388.5 "DURBIN_R_Dem"
"10" 379 63 209.5 368 114.5 131 362 79.5 62 0 405.5 372 373.5 93 412.5 80.5 153.5 217.5 382 71 84 361 363.5 409 395 162 381 65.5 387.5 375.5 58.5 65 256 388 90 364.5 99.5 370.5 366 361 363 99.5 367.5 380.5 77 418 68.5 104.5 340.5 362 377.5 194 69.5 63.5 82 403 399 69 143 75 122.5 172 75 116 380 420 374.5 420 402 123.5 76 238.5 394 410.5 71.5 224 379 377.5 386 405.5 378.5 387 62.5 264 72 406.5 158.5 86.5 374 415 396 386 386 62 111 295 403 382.5 "CARDIN_B_Dem"
"11" 42.5 399.5 549 61.5 506 511.5 49.5 364 407.5 405.5 0 47.5 64 478.5 48 355 534 537 56.5 408.5 451.5 65.5 63 28.5 42.5 261.5 47.5 424 56 50 393 418.5 442.5 40.5 454.5 51 449 45 79.5 63.5 93.5 459 51 42 460.5 43.5 447 472 97 116.5 43 487.5 376 409 394.5 30.5 37.5 362.5 525.5 370.5 414 247.5 374.5 496.5 52.5 138.5 49 92.5 45.5 486 355.5 493 38.5 55 384 464.5 60.5 63 53.5 35 65 64.5 406 452.5 365.5 51 269 459 43.5 50.5 39.5 52.5 54.5 386.5 470.5 117.5 43.5 34 "INHOFE_J_Rep"
"12" 34 367 537.5 28 476.5 484 20 336.5 379 372 47.5 0 26.5 451 49.5 322.5 504.5 528.5 56 380 418 20 41.5 41 29 228 14 394.5 38.5 17.5 362.5 387 438 34 429 18.5 419.5 17.5 50 30 69 434.5 18.5 9.5 435 72 417.5 443.5 70.5 85 26.5 477 344.5 378.5 369 33 43 329 501 338 387.5 210 345 464 38 162 13.5 118 49 458.5 321 486.5 28 70.5 353.5 460 38 46.5 35 48.5 40.5 51 375.5 440 330 54.5 232.5 430.5 20 58 36 49 46 356 443 77 41 26.5 "BOOZMAN_J_Rep"
"13" 49.5 369.5 523 42.5 467 475.5 36.5 339 382.5 373.5 64 26.5 0 444.5 66 328 495 514 69.5 379.5 416.5 40.5 54 59.5 48.5 232.5 39.5 393 62 35 364 386.5 423.5 47.5 424.5 28 417 34 62.5 42.5 84.5 434 35 29 432.5 84.5 415 434 78 90.5 40 467.5 347 380 368.5 51.5 57.5 330.5 490.5 340.5 386 220.5 339.5 450.5 60.5 176.5 33 134.5 55.5 451 324.5 474 44.5 84 354 448.5 47.5 61 47.5 72 47 66.5 376 422.5 331.5 78 241 427 32.5 74.5 57.5 63.5 64.5 354.5 432.5 91.5 59.5 39 "CAPITO_S_Rep"
"14" 459 103 150.5 445 63.5 80 441 133.5 92 93 478.5 451 444.5 0 488.5 134.5 96.5 153.5 455 91 85 439 441.5 488 472 235 460 101.5 462.5 447.5 103.5 95 242 467 68 441.5 71.5 449.5 438 434 431 76.5 445.5 459.5 68 491 63.5 67.5 409.5 420 456.5 160 118.5 94.5 114 482 477 123 77 126 134.5 246 116 75 456 470 450.5 485 473 82.5 132 193.5 469 484.5 109.5 189 456 452.5 460 484.5 451.5 449 101.5 236 126 479.5 225.5 66.5 452 491 470 461 465 100 77 374 482 461.5 "VAN_HOLLEN_C_Dem"
"15" 48.5 409.5 565 69.5 514 522.5 61.5 366 416.5 412.5 48 49.5 66 488.5 0 363 544 551 66.5 420.5 457.5 60.5 64 27.5 34.5 269.5 51.5 435 39 57 404 427.5 439.5 46.5 467.5 60 459 55 89.5 71.5 95.5 474 58 49 473.5 47.5 457 483 100 119.5 50 495.5 378 421 405.5 29.5 41.5 372.5 534.5 382.5 419 253.5 384.5 503.5 61.5 127.5 54 80.5 51.5 496 364.5 497 41.5 44 396 472.5 56.5 65 47.5 35 57 69.5 417 453.5 373.5 49 275 470 53.5 29.5 41.5 55.5 46.5 397.5 482.5 122.5 44.5 46 "BLACKBURN_M_Rep"
"16" 330.5 69.5 254 330.5 172 178.5 312.5 63 80.5 80.5 355 322.5 328 134.5 363 0 206 262 337.5 99.5 122.5 311.5 321 359.5 345.5 126.5 331.5 114 340 323 84 88.5 260.5 338.5 137.5 316 131 322 324.5 315.5 321.5 148 319 331 123.5 369.5 106 144 296 332.5 328 233.5 81 95 102.5 353.5 352.5 58.5 185.5 82.5 156 130.5 68.5 165.5 333.5 370.5 325 370.5 354.5 166 57.5 254 343.5 362 82 251.5 335.5 334 341.5 359 334 342.5 93 276.5 65.5 359 121 129 326.5 370.5 348.5 338.5 336.5 64.5 162.5 248.5 352.5 333 "MURPHY_C_Dem"
"17" 512.5 162.5 118 495.5 87 105.5 496.5 199 148.5 153.5 534 504.5 495 96.5 544 206 0 131 507.5 143.5 117.5 492.5 493 541.5 525.5 293.5 513.5 132 516 507 159 135.5 237.5 522.5 104.5 496 120 505 477.5 489.5 474.5 106 499 513 107.5 546.5 108 102 461 455.5 512 152.5 186 149 167.5 535.5 532.5 189.5 97.5 182.5 170 310.5 176.5 89.5 511.5 515.5 507 545.5 526.5 94 194.5 183 523.5 540 166 189.5 507.5 505 514.5 536 504 500.5 145 224.5 189.5 536 289 106 506.5 548.5 527.5 522.5 516.5 161.5 106.5 431.5 535.5 517 "HIRONO_M_Dem"
"18" 527.5 222.5 95 511.5 128 131.5 516.5 250 212.5 217.5 537 528.5 514 153.5 551 262 131 0 512.5 208.5 173.5 516.5 517 550.5 532.5 336.5 527.5 199 525 522 227 206.5 184.5 541.5 172.5 517 182 525 498.5 511.5 499.5 173 520 535 166.5 538.5 181 155 485 462.5 527 136.5 246 210 226.5 545.5 542.5 253.5 117.5 242.5 185 347.5 231.5 151.5 523.5 501.5 527 533.5 533.5 161 258.5 136 538.5 538 229 144.5 527.5 515 525.5 543 521 512.5 214 168.5 254.5 535 334 172 526.5 539.5 532.5 532.5 531.5 231.5 164.5 462.5 542.5 534 "GILLIBRAND_K_Dem"
"19" 56 380 521.5 69 482.5 485 57 341.5 389 382 56.5 56 69.5 455 66.5 337.5 507.5 512.5 0 393 431 68 69.5 53 54 251 58 403.5 72.5 55.5 374.5 395 424 45 433 55.5 425.5 48.5 84 66 85 441.5 56.5 50.5 441 63 427.5 451.5 89.5 112 50.5 462 354.5 394.5 379 48 47 348 505 351 383.5 236 358 472 77 144 56.5 107 53 465.5 337 467.5 47 73.5 362.5 440 63 68.5 58 64.5 63.5 73 387.5 425 348 58.5 257.5 440.5 50 67 60 55 61 372 452 109 47 52.5 "CASSIDY_B_Rep"
"20" 388 67 200.5 380 112.5 134 374 79.5 64 71 408.5 380 379.5 91 420.5 99.5 143.5 208.5 393 0 94 369 373.5 417 403 176 389 63.5 394.5 384.5 62.5 62 250 396 84 371.5 86.5 379.5 376 369 374 80.5 376.5 388.5 84 426 63.5 96.5 351.5 366 385.5 188 67.5 58.5 91 411 408 62 141 69 124.5 181 84 111 387 426 384.5 429 409 120.5 81 230.5 399 423.5 61.5 225 391 390.5 392 416.5 385.5 398 55.5 260 59 420.5 159.5 73.5 383 424 405 395 394 61 107 303 411 390.5 "PETERS_G_Dem"
"21" 430 91 177.5 414 102.5 112 412 125.5 72 84 451.5 418 416.5 85 457.5 122.5 117.5 173.5 431 94 0 406 408.5 455 439 208 427 84.5 432.5 419.5 98.5 75 244 438 90 412.5 93.5 420.5 405 408 399 89.5 416.5 426.5 49 466 58.5 72.5 385.5 394 427.5 181 103.5 94.5 97 449 449 116 112 111 124.5 221 108 89 428 442 418.5 463 443 88.5 115 218.5 443 454.5 97.5 206 423 426.5 440 450.5 422.5 421 88.5 242 119 452.5 208.5 63.5 422 462 441 436 432 87 76 346 449 432.5 "HEINRICH_M_Dem"
"22" 46 355 526.5 46 465.5 473 39 323.5 367 361 65.5 20 40.5 439 60.5 311.5 492.5 516.5 68 369 406 0 51.5 52 38 220 30 384.5 46.5 33.5 353.5 376 428 49 420 30.5 407.5 35.5 66 45 82 425.5 38.5 28.5 423 84 405.5 431.5 69.5 94 45.5 464 332.5 370.5 362 49 54 320 489 332 373.5 203 335 454 53 158 28.5 119 60 446.5 311 474.5 42 74.5 344.5 447 46 57.5 45 56.5 50.5 65 365.5 428 322 63.5 225.5 419.5 37 67 44 57 46 347 435 80 51 43.5 "GARDNER_C_Rep"
"23" 45.5 364.5 521 53.5 467 474.5 47.5 334 371.5 363.5 63 41.5 54 441.5 64 321 493 517 69.5 373.5 408.5 51.5 0 54.5 56.5 220.5 52.5 388 52 51 358 381.5 421.5 55.5 420.5 40 415 43 73.5 45.5 72.5 427 44 41 426.5 78.5 409 435 62 97.5 49 469.5 338 372 362.5 46.5 66.5 324.5 487.5 333.5 383 208.5 342.5 454.5 56.5 150.5 46 104.5 72.5 451 314.5 476 51.5 78 350 443.5 52.5 67 58.5 65 62 79.5 371 430.5 326.5 70 230 421 44.5 69.5 56.5 74.5 70.5 352.5 435.5 80.5 64.5 39 "YOUNG_T_Rep"
"24" 33 406 563.5 63 513.5 521 49 363.5 415 409 28.5 41 59.5 488 27.5 359.5 541.5 550.5 53 417 455 52 54.5 0 28 263 41 431.5 39.5 46.5 401.5 425 451 27 465 49.5 456.5 42.5 82 65 86 470.5 51.5 36.5 471 38 454.5 480.5 93.5 118 35.5 496 375.5 417.5 402 10 28 368 534 379 416.5 247 382 501 49 127 41.5 77 30 495.5 360 504.5 29 36.5 390.5 478 45 58.5 42 22.5 54.5 63 414.5 462 369 29.5 270.5 467.5 42 30 37 42 46 393 480 116 27 31.5 "LANKFORD_J_Rep"
"25" 37 389 551.5 51 497.5 506 41 351.5 401 395 42.5 29 48.5 472 34.5 345.5 525.5 532.5 54 403 439 38 56.5 28 0 251 27 417.5 35.5 32.5 384.5 408 445 35 450 37.5 440.5 32.5 70 51 89 456.5 37.5 28.5 456 53 439.5 464.5 86.5 104 33.5 486 361.5 404.5 387 26 28 354 523 364 400.5 234 368 486 48 139 30.5 95 44 480.5 344 488.5 25 50.5 378.5 461 45 48.5 32 34.5 42.5 57 397.5 444 355 48.5 256.5 453.5 38 41 39 46 42 381 466 104 30 43.5 "SCOTT_T_Rep"
"26" 236 163 330.5 233 260.5 268 225 134.5 173 162 261.5 228 232.5 235 269.5 126.5 293.5 336.5 251 176 208 220 220.5 263 251 0 237 182.5 244.5 233.5 157.5 174 306 247 209 221.5 208.5 228.5 240 219 233 223.5 226.5 235.5 223 274 203.5 225.5 204.5 245 235.5 288 141.5 176.5 174 255 256 128 280 143 207.5 69 141 249 240 302 233.5 281 264 246.5 113 324.5 251 274.5 148.5 293 237 248.5 246 266.5 243.5 252 165.5 301 131 268.5 59.5 214.5 232 272 248 245 248 155 236 164 259 238.5 "SINEMA_K_Dem"
"27" 44 376 539.5 41 485.5 493 30 336.5 388 381 47.5 14 39.5 460 51.5 331.5 513.5 527.5 58 389 427 30 52.5 41 27 237 0 403.5 42.5 27.5 371.5 396 439 43 438 30.5 428.5 28.5 60 43 81 443.5 31.5 20.5 443 66 426.5 452.5 83.5 95 31.5 478 347.5 387.5 374 37 41 338 510 347 392.5 217 354 473 39 156 21.5 110 50 467.5 330 482.5 31 65.5 362.5 452 48 53.5 42 44.5 48.5 64 384.5 437 339 51.5 241.5 439.5 34 56 28 52 47 365 452 89 40 39.5 "COTTON_T_Rep"
"28" 402.5 82.5 191 389.5 116 129.5 385.5 102 66.5 65.5 424 394.5 393 101.5 435 114 132 199 403.5 63.5 84.5 384.5 388 431.5 417.5 182.5 403.5 0 409 400 66 65.5 248.5 410.5 85.5 386 100 393 384.5 382.5 383.5 95 391 403 77.5 438.5 73 99 369 370.5 400 183.5 80 69 86.5 425.5 421.5 89.5 125.5 88.5 124 192.5 97.5 96.5 401.5 432.5 400 446.5 423.5 115 88.5 227 415.5 435 84 224.5 402.5 402 408.5 430 400 409.5 65 257.5 81.5 432 175 70 395.5 437.5 417.5 408.5 407.5 70.5 98.5 320.5 424.5 405 "DUCKWORTH_T_Dem"
"29" 46.5 383.5 542 63.5 487 494.5 58.5 347 394.5 387.5 56 38.5 62 462.5 39 340 516 525 72.5 394.5 432.5 46.5 52 39.5 35.5 244.5 42.5 409 0 50 380 404.5 421.5 52.5 442.5 53 435 50 81.5 61.5 87.5 448 51 46 448.5 65.5 431 456 83 105.5 46 471.5 353 393 385.5 37.5 45.5 349.5 507.5 359.5 397 231.5 361.5 476.5 51.5 143.5 46 97.5 65.5 471 338.5 476 44.5 56 371 449.5 49.5 67 45.5 39 57 74.5 391 432.5 350.5 49 254 443 50.5 45.5 41.5 65.5 59.5 376.5 458.5 103.5 48.5 47 "DAINES_S_Rep"
"30" 35.5 366.5 532 35.5 476 482.5 25.5 343 382.5 375.5 50 17.5 35 447.5 57 323 507 522 55.5 384.5 419.5 33.5 51 46.5 32.5 233.5 27.5 400 50 0 367 391.5 431.5 35.5 431.5 24 420 23 55.5 37.5 76.5 434 27 19 432.5 70.5 420 443 72 92.5 32 473.5 346 386 370.5 38.5 43.5 335.5 498.5 345.5 391 220.5 346.5 464.5 47.5 160.5 9 119.5 52.5 457 326.5 480 33.5 74 359 454.5 45.5 50 38.5 59 46 51.5 380 435.5 337.5 60 243 432 29.5 60.5 45.5 54.5 47.5 361.5 443.5 89.5 43.5 36 "CRAMER_K_Rep"
"31" 368.5 52.5 215 356.5 125 135.5 354.5 67 62.5 58.5 393 362.5 364 103.5 404 84 159 227 374.5 62.5 98.5 353.5 358 401.5 384.5 157.5 371.5 66 380 367 0 64.5 271.5 380.5 86.5 353 93 361 360.5 349.5 358.5 103 359 371 94.5 404.5 79 104 335 351.5 370 204.5 68 57 83.5 393.5 390.5 49.5 150.5 59.5 115 158.5 68.5 113.5 370.5 414.5 366 416.5 393.5 120 64.5 249 384.5 406 63 234.5 373.5 375 379.5 398 366 378.5 19 270.5 48.5 403 145 87 364.5 412.5 385.5 377.5 378.5 52.5 120.5 287.5 393.5 375 "ROSEN_J_Dem"
"32" 394 55 196.5 381 107.5 142 379 75.5 53 65 418.5 387 386.5 95 427.5 88.5 135.5 206.5 395 62 75 376 381.5 425 408 174 396 65.5 404.5 391.5 64.5 0 256 404 89 378.5 87.5 385.5 381 375 378 97.5 383.5 395.5 73 429 63.5 103.5 361.5 369 393.5 190 79.5 65.5 59 417 413 72 130 81 127.5 182 77 110 394 421 391.5 440 417 103.5 77 232.5 407 429.5 67.5 214 394 397.5 404 422.5 387.5 406 67.5 258 73 426.5 165.5 83.5 389 434 412 400 402 47 108 310 418 399.5 "REED_J_Dem"
"33" 433 248 198.5 419 242.5 240 434 270.5 255 256 442.5 438 423.5 242 439.5 260.5 237.5 184.5 424 250 244 428 421.5 451 445 306 439 248.5 421.5 431.5 271.5 256 0 450 248 435.5 248.5 439.5 403 418 400 233.5 432.5 442.5 241 437 244.5 252.5 396.5 369 436.5 145 265.5 260.5 235 448 448 274 229 264 209.5 322 260 247 419 407 438.5 433 443 227.5 277 85.5 443 436.5 262.5 127 430 418.5 436 439.5 419.5 418 264.5 122 272 433.5 306.5 245.5 438 443 439 438 438 264 243 394 451 438.5 "SANDERS_B_Ind"
"34" 30 385 546.5 48 496.5 500 33 354.5 392 388 40.5 34 47.5 467 46.5 338.5 522.5 541.5 45 396 438 49 55.5 27 35 247 43 410.5 52.5 35.5 380.5 404 450 0 444 34.5 435.5 27.5 66 47 69 450.5 36.5 29.5 451 53 433.5 459.5 79.5 99 25.5 491 360.5 399.5 386 23 17 349 517 360 401.5 234 361 484 53 136 33.5 96 37 474.5 339 494.5 24 57.5 371.5 469 40 50.5 35 44.5 49.5 53 393.5 455 350 42.5 252.5 446.5 27 45 50 35 50 374 460 98 28 28.5 "CRAPO_M_Rep"
"35" 434 108 160.5 422 67.5 96 421 129.5 93 90 454.5 429 424.5 68 467.5 137.5 104.5 172.5 433 84 90 420 420.5 465 450 209 438 85.5 442.5 431.5 86.5 89 248 444 0 419.5 84.5 427.5 409 414 414 71.5 425.5 437.5 81 471 70.5 76.5 392.5 401 434.5 163 114.5 83.5 100 459 453 118 98 107 133.5 225 103 68 436 464 433.5 476 452 84.5 119 211.5 447 470.5 113.5 205 434 436.5 437 462.5 431.5 431 83.5 240 113 464.5 205.5 71.5 430 473 451 442 441 107 84 352 460 438.5 "MENENDEZ_R_Dem"
"36" 32.5 357.5 527 28.5 471 474.5 20.5 329 370.5 364.5 51 18.5 28 441.5 60 316 496 517 55.5 371.5 412.5 30.5 40 49.5 37.5 221.5 30.5 386 53 24 353 378.5 435.5 34.5 419.5 0 410 12 50.5 29.5 73.5 427 13 20 426.5 62.5 408 434 57 79.5 25 471.5 337 370 358.5 41.5 45.5 321.5 491.5 331.5 377 204.5 336.5 458.5 44.5 160.5 21 120.5 53.5 449 313.5 482 32.5 75 345 453.5 44.5 45 35.5 63 41 57.5 366 437.5 322.5 65 223 422 19.5 66.5 46.5 47.5 50.5 347.5 434.5 69.5 47.5 27 "PORTMAN_R_Rep"
"37" 427.5 92.5 173 408.5 94 103.5 409.5 114 82.5 99.5 449 419.5 417 71.5 459 131 120 182 425.5 86.5 93.5 407.5 415 456.5 440.5 208.5 428.5 100 435 420 93 87.5 248.5 435.5 84.5 410 0 418 404.5 402.5 401.5 86 414 428 81.5 461.5 71 72 382 393.5 425 188.5 112 86 103.5 450.5 444.5 114.5 115.5 114.5 133 219.5 112.5 96.5 423.5 439.5 423 462.5 445.5 96 125.5 221 440.5 458 100 208.5 426.5 423 433.5 452 420 424.5 80 248.5 113.5 450 200 87 421.5 461.5 444.5 432.5 433.5 97.5 88.5 343.5 450.5 430 "BROWN_S_Dem"
"38" 25.5 365.5 535 26.5 479 482.5 19.5 335 377.5 370.5 45 17.5 34 449.5 55 322 505 525 48.5 379.5 420.5 35.5 43 42.5 32.5 228.5 28.5 393 50 23 361 385.5 439.5 27.5 427.5 12 418 0 49.5 29.5 72.5 434 10 15 433.5 55.5 416 442 62 77.5 23 477.5 344 377 365.5 34.5 37.5 328.5 499.5 338.5 385 211.5 344.5 466.5 38.5 153.5 21 113.5 48.5 457 320.5 486 27.5 69 352 459.5 41.5 41 36.5 57 36 56.5 374 443.5 329.5 57 232 429 16.5 59.5 46.5 39.5 45.5 354.5 442.5 76.5 40.5 25 "WICKER_R_Rep"
"39" 67 358 498.5 57 456.5 459 53 339.5 370 366 79.5 50 62.5 438 89.5 324.5 477.5 498.5 84 376 405 66 73.5 82 70 240 60 384.5 81.5 55.5 360.5 381 403 66 409 50.5 404.5 49.5 0 58 96 414.5 46.5 51.5 420 95 409.5 423.5 85.5 100 57.5 452 341.5 375.5 357 74 76 333 473 334 372.5 229 342 448 73 177 55.5 151 85 435.5 324 449.5 66 104.5 353.5 431 73 73.5 71 89.5 70.5 79 372.5 410 333 95.5 247.5 421.5 47 93 81 82 80 358 420 109 75 53.5 "BURR_R_Rep"
"40" 45 356 516.5 35 464.5 467 34 326.5 367 361 63.5 30 42.5 434 71.5 315.5 489.5 511.5 66 369 408 45 45.5 65 51 219 43 382.5 61.5 37.5 349.5 375 418 47 414 29.5 402.5 29.5 58 0 80 419.5 26.5 30.5 420 79 402.5 428.5 62.5 85 32.5 460 334.5 366.5 355 57 59 321 484 328 370.5 205 333 453 61 167 34.5 130 67 441.5 313 466.5 46 88.5 342.5 441 51 52.5 50 74.5 40.5 68 362.5 425 322 77.5 220.5 416.5 32 81 65 67 64 345 427 76 62 37.5 "GRAHAM_L_Rep"
"41" 85 358 497.5 89 453.5 461 78 337.5 367 363 93.5 69 84.5 431 95.5 321.5 474.5 499.5 85 374 399 82 72.5 86 89 233 81 383.5 87.5 76.5 358.5 378 400 69 414 73.5 401.5 72.5 96 80 0 416.5 72.5 72.5 414 99 400.5 429.5 90.5 101 73.5 448 338.5 375.5 360 79 83 332 470 344 377.5 227 343 435 87 151 75.5 116 87 428.5 324 450.5 81 99.5 349.5 425 80 82.5 89 87.5 96.5 87 369.5 403 333 89.5 246.5 413.5 71 98 84 90 87 354 423 104 82 74.5 "MORAN_J_Rep"
"42" 442.5 114.5 160 427.5 74 98.5 424.5 143 101.5 99.5 459 434.5 434 76.5 474 148 106 173 441.5 80.5 89.5 425.5 427 470.5 456.5 223.5 443.5 95 448 434 103 97.5 233.5 450.5 71.5 427 86 434 414.5 419.5 416.5 0 431 443 75.5 477.5 78 69 399 406.5 439 162.5 114 89 111.5 465.5 460.5 124.5 112.5 120.5 127 237.5 118.5 84.5 438.5 467.5 435 481.5 456.5 90 126.5 213 453.5 476 115 202.5 439.5 441 446.5 466 438 441.5 93 229.5 115.5 470 215 68 438.5 478.5 457.5 449.5 448.5 113.5 68.5 360.5 465.5 446 "STABENOW_D_Dem"
"43" 34.5 361.5 530 27.5 475 478.5 22.5 334 374.5 367.5 51 18.5 35 445.5 58 319 499 520 56.5 376.5 416.5 38.5 44 51.5 37.5 226.5 31.5 391 51 27 359 383.5 432.5 36.5 425.5 13 414 10 46.5 26.5 72.5 431 0 20 430.5 62.5 412 439 60 75.5 25 472.5 340 375 364.5 43.5 47.5 326.5 495.5 335.5 382 207.5 341.5 464.5 41.5 156.5 26 118.5 55.5 452 318.5 481 32.5 75 350 455.5 42.5 45 39.5 64 40 58.5 371 437.5 327.5 65 228 426 19.5 66.5 52.5 47.5 51.5 353.5 438.5 75.5 48.5 26 "BLUNT_R_Rep"
"44" 29.5 375.5 544 29.5 485 492.5 21.5 345 387.5 380.5 42 9.5 29 459.5 49 331 513 535 50.5 388.5 426.5 28.5 41 36.5 28.5 235.5 20.5 403 46 19 371 395.5 442.5 29.5 437.5 20 428 15 51.5 30.5 72.5 443 20 0 443.5 65.5 426 452 70 86.5 25 483.5 353 387 377.5 28.5 38.5 337.5 509.5 346.5 395 219.5 353.5 472.5 41.5 154.5 15 110.5 46.5 466 329.5 492 25.5 66 362 465.5 35.5 44 30.5 50 39 49.5 384 446.5 338.5 56 240 439 21.5 53.5 38.5 42.5 43.5 364.5 451.5 85.5 36.5 27 "THUNE_J_Rep"
"45" 443 87 165.5 427 88.5 102 425 119.5 73 77 460.5 435 432.5 68 473.5 123.5 107.5 166.5 441 84 49 423 426.5 471 456 223 443 77.5 448.5 432.5 94.5 73 241 451 81 426.5 81.5 433.5 420 420 414 75.5 430.5 443.5 0 477 49.5 68.5 398.5 406 440.5 165 105.5 84.5 101 465 460 112 93 114 123.5 234 113 84 439 459 435.5 479 459 90.5 120 208.5 456 470.5 97.5 199 441 439.5 448 465.5 437.5 439 86.5 239 115 466.5 216.5 54.5 436 478 457 449 448 90 73 358 465 445.5 "UDALL_T_Dem"
"46" 55 412 547.5 81 517.5 518 70 369.5 421 418 43.5 72 84.5 491 47.5 369.5 546.5 538.5 63 426 466 84 78.5 38 53 274 66 438.5 65.5 70.5 404.5 429 437 53 471 62.5 461.5 55.5 95 79 99 477.5 62.5 65.5 477 0 462.5 486.5 103.5 124 58.5 491 384.5 423.5 404 44 45 376 532 387 417.5 258 391 510 61 124 69.5 78 54 495.5 370 488.5 53 50.5 399.5 464 76 73.5 63 44.5 67.5 83 418.5 449 376 49.5 279.5 475.5 61 47 51 55 63 401 486 131 45 51.5 "TOOMEY_P_Rep"
"47" 425.5 75.5 171 409.5 87 98.5 407.5 106 70.5 68.5 447 417.5 415 63.5 457 106 108 181 427.5 63.5 58.5 405.5 409 454.5 439.5 203.5 426.5 73 431 420 79 63.5 244.5 433.5 70.5 408 71 416 409.5 402.5 400.5 78 412 426 49.5 462.5 0 74 384 394.5 423 171.5 92 64 87.5 448.5 444.5 98.5 102.5 94.5 124 213.5 95.5 81.5 425.5 445.5 420 463.5 443.5 88 105.5 216 437.5 455 78 202.5 422.5 422 430.5 451 420 429.5 67 248.5 105.5 453 195 43 418.5 461.5 440.5 432.5 431.5 67.5 82.5 340.5 448.5 428 "BALDWIN_T_Dem"
"48" 451.5 115.5 151 432.5 58 69.5 433.5 142 100.5 104.5 472 443.5 434 67.5 483 144 102 155 451.5 96.5 72.5 431.5 435 480.5 464.5 225.5 452.5 99 456 443 104 103.5 252.5 459.5 76.5 434 72 442 423.5 428.5 429.5 69 439 452 68.5 486.5 74 0 403 415.5 449 157.5 117 93 122.5 474.5 470.5 128.5 82.5 118.5 127 238.5 119.5 55.5 449.5 472.5 445 492.5 467.5 82 132.5 207 463.5 484 116 194.5 449.5 448 456.5 476 445 442.5 88 240.5 124.5 481 220 64 445.5 487.5 466.5 457.5 456.5 109.5 31.5 366.5 474.5 454 "CANTWELL_M_Dem"
"49" 72.5 336.5 485 77.5 442 444.5 74.5 313 349.5 340.5 97 70.5 78 409.5 100 296 461 485 89.5 351.5 385.5 69.5 62 93.5 86.5 204.5 83.5 369 83 72 335 361.5 396.5 79.5 392.5 57 382 62 85.5 62.5 90.5 399 60 70 398.5 103.5 384 403 0 103.5 72 433.5 317 358 338.5 85.5 92.5 303.5 453.5 313.5 356 199.5 316.5 430.5 83.5 166.5 71 132.5 98.5 417 296.5 446 84.5 110 325 412.5 75.5 86 77.5 103 86 81.5 344 404.5 305.5 102 213 395 68.5 106.5 87.5 93.5 96.5 329.5 406.5 69.5 93.5 69 "MURKOWSKI_L_Rep"
"50" 88 357 476.5 71 440.5 442 88 340.5 361 362 116.5 85 90.5 420 119.5 332.5 455.5 462.5 112 366 394 94 97.5 118 104 245 95 370.5 105.5 92.5 351.5 369 369 99 401 79.5 393.5 77.5 100 85 101 406.5 75.5 86.5 406 124 394.5 415.5 103.5 0 86.5 417 343.5 359.5 355 109 105 329 460 341 363.5 240 342 426 102 198 87.5 167 116 419.5 325 419.5 94 131.5 349.5 396 102 98.5 96 121.5 101.5 110 362.5 375 330 127.5 253.5 401.5 84 128 114 110 106 347 412 122 112 91.5 "ALEXANDER_L_Rep"
"51" 29.5 374.5 542 37.5 486 489.5 24.5 338 383.5 377.5 43 26.5 40 456.5 50 328 512 527 50.5 385.5 427.5 45.5 49 35.5 33.5 235.5 31.5 400 46 32 370 393.5 436.5 25.5 434.5 25 425 23 57.5 32.5 73.5 439 25 25 440.5 58.5 423 449 72 86.5 0 477.5 348 386 371.5 30.5 34.5 336.5 506.5 345.5 391 219.5 350.5 473.5 47.5 149.5 28 109.5 42.5 462 328.5 485 22.5 61 361 458.5 43.5 48 32.5 48 40 62.5 383 445.5 337.5 51 238 436 25.5 53.5 49.5 43.5 47.5 361.5 447.5 85.5 40.5 29 "CORNYN_J_Rep"
"52" 478 209 144.5 462 136.5 149 471 224.5 198 194 487.5 477 467.5 160 495.5 233.5 152.5 136.5 462 188 181 464 469.5 496 486 288 478 183.5 471.5 473.5 204.5 190 145 491 163 471.5 188.5 477.5 452 460 448 162.5 472.5 483.5 165 491 171.5 157.5 433.5 417 477.5 0 216.5 188.5 204 496 490 230 142 206 155.5 306 201 147 471 467 476.5 491 483 153.5 231 99.5 484 488.5 203.5 112 478 464.5 477 487.5 466.5 457 196.5 153 225 486.5 288.5 151.5 480 494 484 480 476 209 162 415 494 484.5 "KLOBUCHAR_A_Dem"
"53" 352.5 71.5 229 344.5 148 164.5 334.5 62 68.5 69.5 376 344.5 347 118.5 378 81 186 246 354.5 67.5 103.5 332.5 338 375.5 361.5 141.5 347.5 80 353 346 68 79.5 265.5 360.5 114.5 337 112 344 341.5 334.5 338.5 114 340 353 105.5 384.5 92 117 317 343.5 348 216.5 0 83 89.5 373.5 366.5 62.5 171.5 62.5 134 143.5 74.5 140.5 350.5 394.5 346 392.5 366.5 139 59.5 261 359.5 382 64 251.5 352.5 355 361.5 375 347 358.5 72 278.5 61.5 380 130 101 347.5 381.5 359.5 354.5 351.5 63.5 128.5 268.5 369.5 355 "TESTER_J_Dem"
"54" 388.5 72.5 201 371.5 110 119.5 370.5 86 65.5 63.5 409 378.5 380 94.5 421 95 149 210 394.5 58.5 94.5 370.5 372 417.5 404.5 176.5 387.5 69 393 386 57 65.5 260.5 399.5 83.5 370 86 377 375.5 366.5 375.5 89 375 387 84.5 423.5 64 93 358 359.5 386 188.5 83 0 83.5 409.5 406.5 72.5 137.5 72.5 119 173.5 78.5 98.5 384.5 422.5 385 432.5 410.5 121 73.5 235 398.5 424 72 221.5 388.5 389 393.5 416 384 398.5 59 260.5 71.5 422 160 70 380.5 426.5 403.5 393.5 396.5 63.5 106.5 305.5 411.5 391 "CASEY_R_Dem"
"55" 375 73 205.5 364 135.5 153 359 89.5 86 82 394.5 369 368.5 114 405.5 102.5 167.5 226.5 379 91 97 362 362.5 402 387 174 374 86.5 385.5 370.5 83.5 59 235 386 100 358.5 103.5 365.5 357 355 360 111.5 364.5 377.5 101 404 87.5 122.5 338.5 355 371.5 204 89.5 83.5 0 394 392 92 157 88 128.5 185 82 131 373 404 371.5 416 396 121.5 89 235.5 386 408.5 85.5 222 376 373.5 386 399.5 371.5 377 83.5 251 90 405.5 160.5 100.5 370 413 390 378 382 68 115 296 398 379.5 "WHITEHOUSE_S_Dem"
"56" 25 398 557.5 55 507.5 515 43 361.5 408 403 30.5 33 51.5 482 29.5 353.5 535.5 545.5 48 411 449 49 46.5 10 26 255 37 425.5 37.5 38.5 393.5 417 448 23 459 41.5 450.5 34.5 74 57 79 465.5 43.5 28.5 465 44 448.5 474.5 85.5 109 30.5 496 373.5 409.5 394 0 26 360 528 371 415.5 243 376 495 45 135 34.5 85 38 489.5 352 501.5 25 40.5 382.5 474 39 54.5 36 27.5 50.5 56 406.5 458 361 31.5 262.5 461.5 34 32 33 38 47 387 474 108 25 25.5 "BARRASSO_J_Rep"
"57" 41 396 553.5 57 505.5 511 47 357.5 402 399 37.5 43 57.5 477 41.5 352.5 532.5 542.5 47 408 449 54 66.5 28 28 256 41 421.5 45.5 43.5 390.5 413 448 17 453 45.5 444.5 37.5 76 59 83 460.5 47.5 38.5 460 45 444.5 470.5 92.5 105 34.5 490 366.5 406.5 392 26 0 359 526 370 406.5 241 375 495 57 129 41.5 91 40 484.5 349 492.5 23 51.5 382.5 466 47 56.5 34 38.5 49.5 57 404.5 454 362 44.5 263.5 457.5 37 40 43 32 47 387 471 111 22 41.5 "RISCH_J_Rep"
"58" 339 64 247.5 332 160.5 169 321 50.5 74 69 362.5 329 330.5 123 372.5 58.5 189.5 253.5 348 62 116 320 324.5 368 354 128 338 89.5 349.5 335.5 49.5 72 274 349 118 321.5 114.5 328.5 333 321 332 124.5 326.5 337.5 112 376 98.5 128.5 303.5 329 336.5 230 62.5 72.5 92 360 359 0 176 47 131.5 136 60 149 339 387 335.5 388 361 150.5 52 262.5 351 377.5 50.5 247 342 342.5 350 367.5 339.5 351 61.5 273 26 374.5 124.5 114.5 333 379 356 345 347 44 147 252 363 341.5 "SHAHEEN_J_Dem"
"59" 503 146 96.5 491 71.5 58 491 180.5 143 143 525.5 501 490.5 77 534.5 185.5 97.5 117.5 505 141 112 489 487.5 534 523 280 510 125.5 507.5 498.5 150.5 130 229 517 98 491.5 115.5 499.5 473 484 470 112.5 495.5 509.5 93 532 102.5 82.5 453.5 460 506.5 142 171.5 137.5 157 528 526 176 0 177 167.5 297 167 80 503 495 501.5 519 522 86.5 183 173.5 520 529.5 162.5 175 506 498.5 509 526.5 496.5 492 138.5 216 176 519.5 277.5 91.5 501 528 516 511 513 156 87 425 527 507.5 "MERKLEY_J_Dem"
"60" 349 73 229.5 336 148.5 157 330 63.5 76 75 370.5 338 340.5 126 382.5 82.5 182.5 242.5 351 69 111 332 333.5 379 364 143 347 88.5 359.5 345.5 59.5 81 264 360 107 331.5 114.5 338.5 334 328 344 120.5 335.5 346.5 114 387 94.5 118.5 313.5 341 345.5 206 62.5 72.5 88 371 370 47 177 0 115.5 151 68 137 350 404 346.5 400 372 149.5 59 251.5 359 387.5 35.5 239 355 351.5 359 380.5 349.5 360 64.5 266 47 383.5 130.5 104.5 341 392 367 353 357 49 134 264 374 350.5 "WARNER_M_Dem"
"61" 393.5 135.5 212 378.5 151 147.5 378.5 145 124.5 122.5 414 387.5 386 134.5 419 156 170 185 383.5 124.5 124.5 373.5 383 416.5 400.5 207.5 392.5 124 397 391 115 127.5 209.5 401.5 133.5 377 133 385 372.5 370.5 377.5 127 382 395 123.5 417.5 124 127 356 363.5 391 155.5 134 119 128.5 415.5 406.5 131.5 167.5 115.5 0 215.5 121.5 148.5 389.5 402.5 392 419.5 403.5 163 140.5 188 402.5 418 118 176.5 390.5 392 401.5 413 386 386.5 116 219.5 132.5 414 205 122 389.5 420.5 405.5 394.5 392.5 124.5 139.5 321.5 410.5 398 "BENNET_M_Dem"
"62" 227 163 347.5 219 275.5 282 208 132.5 175 172 247.5 210 220.5 246 253.5 130.5 310.5 347.5 236 181 221 203 208.5 247 234 69 217 192.5 231.5 220.5 158.5 182 322 234 225 204.5 219.5 211.5 229 205 227 237.5 207.5 219.5 234 258 213.5 238.5 199.5 240 219.5 306 143.5 173.5 185 243 241 136 297 151 215.5 0 148 263 221 291 219.5 271 246 265.5 122 335.5 228 260.5 158.5 315 231 235.5 233 250.5 226.5 241 171.5 332 131 253.5 72.5 227.5 214 260 236 225 234 159 250 148 242 223.5 "MANCHIN_J_Dem"
"63" 353 71 234.5 343 142.5 155 335 59.5 79 75 374.5 345 339.5 116 384.5 68.5 176.5 231.5 358 84 108 335 342.5 382 368 141 354 97.5 361.5 346.5 68.5 77 260 361 103 336.5 112.5 344.5 342 333 343 118.5 341.5 353.5 113 391 95.5 119.5 316.5 342 350.5 201 74.5 78.5 82 376 375 60 167 68 121.5 148 0 131 354 394 349.5 397 374 144.5 59 238.5 366 387.5 64.5 224 356 356.5 363 379.5 351.5 361 76.5 258 63 385.5 140.5 105.5 349 393 369 360 359 59 129 270 377 355.5 "COONS_C_Dem"
"64" 474 128 136.5 460 57.5 78 458 160.5 114 116 496.5 464 450.5 75 503.5 165.5 89.5 151.5 472 111 89 454 454.5 501 486 249 473 96.5 476.5 464.5 113.5 110 247 484 68 458.5 96.5 466.5 448 453 435 84.5 464.5 472.5 84 510 81.5 55.5 430.5 426 473.5 147 140.5 98.5 131 495 495 149 80 137 148.5 263 131 0 474 501 465.5 516 489 75.5 150 193.5 486 504.5 137.5 195 470 472.5 477 497.5 467.5 464 101.5 228 140 501.5 243.5 60.5 469 510 487 482 477 125 60 391 496 478.5 "BLUMENTHAL_R_Dem"
"65" 44 374 532.5 58 485.5 489 50 344.5 387 380 52.5 38 60.5 456 61.5 333.5 511.5 523.5 77 387 428 53 56.5 49 48 240 39 401.5 51.5 47.5 370.5 394 419 53 436 44.5 423.5 38.5 73 61 87 438.5 41.5 41.5 439 61 425.5 449.5 83.5 102 47.5 471 350.5 384.5 373 45 57 339 503 350 389.5 221 354 474 0 152 47.5 110 65 463.5 333 472.5 44 69.5 364.5 445 61 67.5 55 49.5 59.5 83 383.5 429 340 61.5 248.5 438.5 52 63 45 62 69 365 447 101 60 45.5 "RUBIO_M_Rep"
"66" 152 402 516.5 169 504.5 487 159 375.5 407 420 138.5 162 176.5 470 127.5 370.5 515.5 501.5 144 426 442 158 150.5 127 139 302 156 432.5 143.5 160.5 414.5 421 407 136 464 160.5 439.5 153.5 177 167 151 467.5 156.5 154.5 459 124 445.5 472.5 166.5 198 149.5 467 394.5 422.5 404 135 129 387 495 404 402.5 291 394 501 152 0 157.5 72 142 474.5 373 448.5 144 121.5 405.5 429 148 153.5 152 129.5 163.5 160 425.5 413 389 131.5 319.5 461.5 158 112 144 137 140 405 477 195 128 150.5 "PAUL_R_Rep"
"67" 33.5 367.5 538 33.5 478 484.5 23.5 343 383.5 374.5 49 13.5 33 450.5 54 325 507 527 56.5 384.5 418.5 28.5 46 41.5 30.5 233.5 21.5 400 46 9 366 391.5 438.5 33.5 433.5 21 423 21 55.5 34.5 75.5 435 26 15 435.5 69.5 420 445 71 87.5 28 476.5 346 385 371.5 34.5 41.5 335.5 501.5 346.5 392 219.5 349.5 465.5 47.5 157.5 0 114.5 49.5 458 326.5 486 31.5 68 359 456.5 41.5 47 36.5 53 43 47.5 380 439.5 337.5 56 242 432 26.5 57.5 41.5 52.5 44.5 362.5 445.5 87.5 38.5 33 "HOEVEN_J_Rep"
"68" 108 412 542.5 139 518.5 504 122 374.5 421 420 92.5 118 134.5 485 80.5 370.5 545.5 533.5 107 429 463 119 104.5 77 95 281 110 446.5 97.5 119.5 416.5 440 433 96 476 120.5 462.5 113.5 151 130 116 481.5 118.5 110.5 479 78 463.5 492.5 132.5 167 109.5 491 392.5 432.5 416 85 91 388 519 400 419.5 271 397 516 110 72 114.5 0 99 497.5 379 486.5 102 70.5 405.5 455 107 121.5 108 81.5 125.5 121 427.5 443 385 82.5 291.5 476.5 118 65 94 95 99 410 495 152 86 106.5 "LEE_M_Rep"
"69" 54 400 546.5 66 497.5 502 53 357.5 408 402 45.5 49 55.5 473 51.5 354.5 526.5 533.5 53 409 443 60 72.5 30 44 264 50 423.5 65.5 52.5 393.5 417 443 37 452 53.5 445.5 48.5 85 67 87 456.5 55.5 46.5 459 54 443.5 467.5 98.5 116 42.5 483 366.5 410.5 396 38 40 361 522 372 403.5 246 374 489 65 142 49.5 99 0 483.5 355 491.5 39 58.5 381.5 466 53 66.5 52 48.5 58.5 68 406.5 445 362 52.5 268.5 456.5 49 52 53 54 49 384 467 119 37 49.5 "JOHNSON_R_Rep"
"70" 464.5 120.5 136 449.5 69 104.5 448.5 160 114.5 123.5 486 458.5 451 82.5 496 166 94 161 465.5 120.5 88.5 446.5 451 495.5 480.5 246.5 467.5 115 471 457 120 103.5 227.5 474.5 84.5 449 96 457 435.5 441.5 428.5 90 452 466 90.5 495.5 88 82 417 419.5 462 153.5 139 121 121.5 489.5 484.5 150.5 86.5 149.5 163 265.5 144.5 75.5 463.5 474.5 458 497.5 483.5 0 162.5 200 477.5 493 140 198.5 463.5 458 472.5 489 455 456.5 108 225.5 143.5 492 241 73 458.5 502.5 480.5 472.5 468.5 129.5 77.5 382.5 489.5 469 "SCHATZ_B_Dem"
"71" 329 73 246.5 322 159.5 168 315 55.5 75 76 355.5 321 324.5 132 364.5 57.5 194.5 258.5 337 81 115 311 314.5 360 344 113 330 88.5 338.5 326.5 64.5 77 277 339 119 313.5 125.5 320.5 324 313 324 126.5 318.5 329.5 120 370 105.5 132.5 296.5 325 328.5 231 59.5 73.5 89 352 349 52 183 59 140.5 122 59 150 333 373 326.5 379 355 162.5 0 266.5 342 367.5 74.5 254 330 337.5 339 362.5 332.5 343 77.5 288 51 364.5 108.5 113.5 325 369 344 337 337 65 147 244 353 333.5 "KING_A_Ind"
"72" 485.5 238.5 158 467.5 196 184.5 480.5 264 230.5 238.5 493 486.5 474 193.5 497 254 183 136 467.5 230.5 218.5 474.5 476 504.5 488.5 324.5 482.5 227 476 480 249 232.5 85.5 494.5 211.5 482 221 486 449.5 466.5 450.5 213 481 492 208.5 488.5 216 207 446 419.5 485 99.5 261 235 235.5 501.5 492.5 262.5 173.5 251.5 188 335.5 238.5 193.5 472.5 448.5 486 486.5 491.5 200 266.5 0 489.5 489 243 94.5 483.5 467 482.5 491 468 463.5 245 120.5 265.5 485 320 211 484.5 496.5 487.5 484.5 485.5 249.5 213.5 433.5 496.5 492 "WARREN_E_Dem"
"73" 34 389 549.5 44 498.5 503 32 352.5 399 394 38.5 28 44.5 469 41.5 343.5 523.5 538.5 47 399 443 42 51.5 29 25 251 31 415.5 44.5 33.5 384.5 407 443 24 447 32.5 440.5 27.5 66 46 81 453.5 32.5 25.5 456 53 437.5 463.5 84.5 94 22.5 484 359.5 398.5 386 25 23 351 520 359 402.5 228 366 486 44 144 31.5 102 39 477.5 342 489.5 0 55.5 374.5 463 42 45.5 25 38.5 35.5 57 397.5 449 351 46.5 254.5 449.5 27 44 40 29 40 377 462 99 29 31.5 "FISCHER_D_Rep"
"74" 61.5 406.5 552 88.5 509 517.5 79.5 367 416.5 410.5 55 70.5 84 484.5 44 362 540 538 73.5 423.5 454.5 74.5 78 36.5 50.5 274.5 65.5 435 56 74 406 429.5 436.5 57.5 470.5 75 458 69 104.5 88.5 99.5 476 75 66 470.5 50.5 455 484 110 131.5 61 488.5 382 424 408.5 40.5 51.5 377.5 529.5 387.5 418 260.5 387.5 504.5 69.5 121.5 68 70.5 58.5 493 367.5 489 55.5 0 397 462.5 59.5 73 58.5 38 77 85.5 419 444.5 376.5 51 284 469 68.5 43.5 44.5 66.5 59.5 400.5 485.5 135.5 53.5 61 "CRUZ_R_Rep"
"75" 363.5 60.5 221 351.5 146 157.5 345.5 62 65.5 71.5 384 353.5 354 109.5 396 82 166 229 362.5 61.5 97.5 344.5 350 390.5 378.5 148.5 362.5 84 371 359 63 67.5 262.5 371.5 113.5 345 100 352 353.5 342.5 349.5 115 350 362 97.5 399.5 78 116 325 349.5 361 203.5 64 72 85.5 382.5 382.5 50.5 162.5 35.5 118 158.5 64.5 137.5 364.5 405.5 359 405.5 381.5 140 74.5 243 374.5 397 0 225.5 366.5 365 373.5 391 360 371.5 62 260.5 56.5 396 140 95 355.5 403.5 380.5 365.5 371.5 36.5 130.5 277.5 384.5 364 "KAINE_T_Dem"
"76" 458 228 177.5 441 182.5 187 453 249.5 227 224 464.5 460 448.5 189 472.5 251.5 189.5 144.5 440 225 206 447 443.5 478 461 293 452 224.5 449.5 454.5 234.5 214 127 469 205 453.5 208.5 459.5 431 441 425 202.5 455.5 465.5 199 464 202.5 194.5 412.5 396 458.5 112 251.5 221.5 222 474 466 247 175 239 176.5 315 224 195 445 429 456.5 455 466 198.5 254 94.5 463 462.5 225.5 0 455 440.5 456 465.5 445.5 441 230.5 128 251 457.5 298.5 200.5 462 468 458 459 460 238 202 406 472 466.5 "BOOKER_C_Dem"
"77" 46 379 536.5 58 481.5 489 51 349.5 385 379 60.5 38 47.5 456 56.5 335.5 507.5 527.5 63 391 423 46 52.5 45 45 237 48 402.5 49.5 45.5 373.5 394 430 40 434 44.5 426.5 41.5 73 51 80 439.5 42.5 35.5 441 76 422.5 449.5 75.5 102 43.5 478 352.5 388.5 376 39 47 342 506 355 390.5 231 356 470 61 148 41.5 107 53 463.5 330 483.5 42 59.5 366.5 455 0 58.5 37 58.5 53.5 67 387.5 438 345 59.5 250.5 435.5 44 58 47 63 60 369 451 99 49 45.5 "SULLIVAN_D_Rep"
"78" 51.5 374.5 526 57.5 483 480.5 47.5 347 384.5 377.5 63 46.5 61 452.5 65 334 505 515 68.5 390.5 426.5 57.5 67 58.5 48.5 248.5 53.5 402 67 50 375 397.5 418.5 50.5 436.5 45 423 41 73.5 52.5 82.5 441 45 44 439.5 73.5 422 448 86 98.5 48 464.5 355 389 373.5 54.5 56.5 342.5 498.5 351.5 392 235.5 356.5 472.5 67.5 153.5 47 121.5 66.5 458 337.5 467 45.5 73 365 440.5 58.5 0 48.5 68 58 75.5 386 424.5 345.5 74 252 435 48.5 69.5 65.5 63.5 58.5 366.5 447.5 109.5 55.5 52 "PERDUE_D_Rep"
"79" 37 385 538.5 51 487.5 492 43 351.5 395 386 53.5 35 47.5 460 47.5 341.5 514.5 525.5 58 392 440 45 58.5 42 32 246 42 408.5 45.5 38.5 379.5 404 436 35 437 35.5 433.5 36.5 71 50 89 446.5 39.5 30.5 448 63 430.5 456.5 77.5 96 32.5 477 361.5 393.5 386 36 34 350 509 359 401.5 233 363 477 55 152 36.5 108 52 472.5 339 482.5 25 58.5 373.5 456 37 48.5 0 54.5 45.5 63 392.5 439 350 61.5 252.5 446.5 42 52 42 52 55 376 458 98 41 45.5 "ERNST_J_Rep"
"80" 49.5 402.5 553 74.5 509 514.5 62.5 365 411.5 405.5 35 48.5 72 484.5 35 359 536 543 64.5 416.5 450.5 56.5 65 22.5 34.5 266.5 44.5 430 39 59 398 422.5 439.5 44.5 462.5 63 452 57 89.5 74.5 87.5 466 64 50 465.5 44.5 451 476 103 121.5 48 487.5 375 416 399.5 27.5 38.5 367.5 526.5 380.5 413 250.5 379.5 497.5 49.5 129.5 53 81.5 48.5 489 362.5 491 38.5 38 391 465.5 58.5 68 54.5 0 64 68.5 411 448.5 370.5 40 275 464 54.5 39.5 34.5 52.5 50.5 392.5 474.5 121.5 41.5 44 "SASSE_B_Rep"
"81" 44.5 372.5 532 47.5 481 484.5 46.5 342 382.5 378.5 65 40.5 47 451.5 57 334 504 521 63.5 385.5 422.5 50.5 62 54.5 42.5 243.5 48.5 400 57 46 366 387.5 419.5 49.5 431.5 41 420 36 70.5 40.5 96.5 438 40 39 437.5 67.5 420 445 86 101.5 40 466.5 347 384 371.5 50.5 49.5 339.5 496.5 349.5 386 226.5 351.5 467.5 59.5 163.5 43 125.5 58.5 455 332.5 468 35.5 77 360 445.5 53.5 58 45.5 64 0 70.5 379 426.5 341.5 71 243 433 39.5 67.5 62.5 58.5 62.5 361.5 444.5 100.5 51.5 46 "TILLIS_T_Rep"
